1st:
[0.458501793384552, 0.835]
[(array([0.84811828, 0.76068376, 0.82733813]), array([0.92657856, 0.74789916, 0.575     ]), array([0.88561404, 0.75423729, 0.67846608]), array([681, 119, 200]))]
[0.4435061354637146, 0.837]
[(array([0.85040431, 0.81132075, 0.78947368]), array([0.92657856, 0.72268908, 0.6       ]), array([0.88685875, 0.76444444, 0.68181818]), array([681, 119, 200]))]

3:
[(array([0.83875339, 0.76      , 0.75925926]), array([0.90895742, 0.63865546, 0.615     ]), array([0.87244538, 0.69406393, 0.67955801]), array([681, 119, 200]))]

4 (0.1 interval):
[(array([0.84520548, 0.71969697, 0.7826087 ]), array([0.90602056, 0.79831933, 0.54      ]), array([0.87455705, 0.75697211, 0.63905325]), array([681, 119, 200]))]


5 (0.2 interval):
[(array([0.86443149, 0.62345679, 0.78947368]), array([0.87077827, 0.8487395 , 0.6       ]), array([0.86759327, 0.71886121, 0.68181818]), array([681, 119, 200]))]
(pytho

[0.49019881629943846, 0.812]
[(array([0.84929577, 0.64968153, 0.80451128]), array([0.88546256, 0.85714286, 0.535     ]), array([0.86700216, 0.73913043, 0.64264264]), array([681, 119, 200]))]
